235 1204 269
0 0 0 57.6 63.6 89.6
57.6 0 0 57.6 63.6 89.6
115.2 0 0 57.6 63.6 89.6
172.8 0 0 57.6 63.6 89.6
0 0 89.6 57.6 63.6 89.6
57.6 0 89.6 57.6 63.6 89.6
115.2 0 89.6 57.6 63.6 89.6
172.8 0 89.6 57.6 63.6 89.6
0 0 179.2 57.6 63.6 89.6
57.6 0 179.2 57.6 63.6 89.6
115.2 0 179.2 57.6 63.6 89.6
172.8 0 179.2 57.6 63.6 89.6
0 63.6 0 73 66.5 193
73 63.6 0 73 66.5 193
146 63.6 0 73 66.5 193
0 130.1 0 73 66.5 193
73 130.1 0 73 66.5 193
146 130.1 0 73 66.5 193
0 196.6 0 73 66.5 193
73 196.6 0 73 66.5 193
146 196.6 0 73 66.5 193
0 263.1 0 73 66.5 193
73 263.1 0 73 66.5 193
146 263.1 0 73 66.5 193
0 329.6 0 57.6 63.6 89.6
57.6 329.6 0 57.6 63.6 89.6
115.2 329.6 0 57.6 63.6 89.6
172.8 329.6 0 57.6 63.6 89.6
0 329.6 89.6 57.6 63.6 89.6
57.6 329.6 89.6 57.6 63.6 89.6
115.2 329.6 89.6 57.6 63.6 89.6
172.8 329.6 89.6 57.6 63.6 89.6
0 329.6 179.2 57.6 63.6 89.6
57.6 329.6 179.2 57.6 63.6 89.6
115.2 329.6 179.2 57.6 63.6 89.6
172.8 329.6 179.2 57.6 63.6 89.6
0 393.2 0 73 66.5 193
73 393.2 0 73 66.5 193
146 393.2 0 73 66.5 193
0 459.7 0 73 66.5 193
73 459.7 0 73 66.5 193
146 459.7 0 73 66.5 193
0 526.2 0 73 66.5 193
73 526.2 0 73 66.5 193
146 526.2 0 73 66.5 193
0 592.7 0 73 66.5 193
73 592.7 0 73 66.5 193
146 592.7 0 73 66.5 193
0 659.2 0 57.6 63.6 89.6
57.6 659.2 0 57.6 63.6 89.6
115.2 659.2 0 57.6 63.6 89.6
172.8 659.2 0 57.6 63.6 89.6
0 659.2 89.6 57.6 63.6 89.6
57.6 659.2 89.6 57.6 63.6 89.6
115.2 659.2 89.6 57.6 63.6 89.6
0 722.8 0 66.5 73 193
66.5 722.8 0 66.5 73 193
133.0 722.8 0 66.5 73 193
0 795.8 0 90.7 81.7 190.9
0 877.5 0 82 82 202
